1
9
3
1
1
0
14
27
3
35
7
4
2
2
3
9
1
4
2
2
15
2
10
3
2
4
5
1
1
13
10
3
10
2
99
1
8
4
2
11
3
3
111
12
2
5
23
1
1
27
8
6
1
1
16
1
2
3
2
128
5
6
4
9
1
4
1
3
1
1
2
1
8
32
2
2
3
2
1
1
26
1
1
2
1
28
1
2
8
2
14
4
4
2
7
5
4
8
3
4
1
136
6
2
3
175
1
54
1
2
6
3
9
3
27
5
1
2
2
9
7
1
1
2
6
2
1
2
1
4
2
67
1
1
2
1
2
5
3
4
1
4
1
2
5
244
2
1
7
128
2
2
3






































































































































































































































































































































































































































































































































































































































